20169919129 44
20179919219 62
20179919221 39
20189918120 93
20189919102 94
20189919106 74
20189919107 78
20189919113 78
20189919114 69
20189919118 78
20189919119 91
20189919121 76
20189919124 72
20189919125 90
20189919127 59
20189919129 60
20189919130 67
20189919133 53
20139921118 88
20169909206 89
20169914210 91
20169937135 79
20169937144 77
20189912130 33
20189912131 15
20189919202 85
20189919220 77
20189919221 62
20189919222 90
20189919224 94
20189919226 94
20189919228 81
20189919229 82
20189919230 79
20189919231 82
20189919234 87
20189919235 97
